1 0.73 0.69 0.68 0.65 0.76 0.76 0.84 0.83 0.82 0.82 0.88 0.88 0.12
2 0.72 0.68 0.66 0.63 0.76 0.76 0.82 0.80 0.80 0.81 0.88 0.88 0.10
3 0.71 0.69 0.68 0.64 0.75 0.75 0.84 0.82 0.80 0.82 0.88 0.88 0.07
4 0.73 0.69 0.69 0.66 0.76 0.76 0.84 0.83 0.82 0.83 0.90 0.90 0.05
5 0.75 0.72 0.71 0.68 0.77 0.77 0.85 0.85 0.83 0.83 0.92 0.92 0.04
6 0.80 0.77 0.76 0.74 0.81 0.81 0.87 0.87 0.84 0.86 0.92 0.92 0.03
7 0.88 0.87 0.87 0.86 0.89 0.89 0.91 0.92 0.90 0.93 0.95 0.95 0.07
8 0.96 0.97 0.96 0.97 0.96 0.96 0.95 0.96 0.95 0.97 0.98 0.98 0.09
9 1.00 1.00 1.00 1.00 1.00 1.00 0.97 0.98 0.98 0.99 1.00 1.00 0.11
10 1.00 0.99 0.97 0.94 0.95 0.95 1.00 1.00 1.00 1.00 0.99 0.99 0.15
11 0.99 0.96 0.90 0.85 0.90 0.90 0.99 0.99 0.99 0.96 0.97 0.97 0.24
12 0.96 0.93 0.83 0.80 0.86 0.86 0.96 0.95 0.96 0.90 0.93 0.93 0.33
13 0.93 0.89 0.77 0.76 0.85 0.85 0.92 0.92 0.90 0.86 0.91 0.91 0.46
14 0.91 0.86 0.73 0.72 0.83 0.83 0.90 0.90 0.85 0.84 0.89 0.89 0.64
15 0.88 0.86 0.73 0.71 0.80 0.80 0.89 0.90 0.81 0.81 0.88 0.88 0.82
16 0.89 0.86 0.73 0.68 0.79 0.79 0.90 0.89 0.81 0.78 0.85 0.85 0.95
17 0.90 0.86 0.74 0.66 0.77 0.77 0.91 0.90 0.85 0.78 0.84 0.84 1.00
18 0.90 0.85 0.74 0.64 0.76 0.76 0.93 0.93 0.88 0.77 0.83 0.83 0.98
19 0.90 0.86 0.75 0.64 0.75 0.75 0.97 0.98 0.89 0.78 0.84 0.84 0.84
20 0.88 0.85 0.74 0.65 0.74 0.74 0.99 1.00 0.90 0.80 0.83 0.83 0.59
21 0.84 0.85 0.75 0.66 0.75 0.75 0.97 0.98 0.92 0.83 0.84 0.84 0.48
22 0.82 0.83 0.75 0.68 0.76 0.76 0.94 0.96 0.93 0.85 0.85 0.85 0.32
23 0.81 0.80 0.75 0.68 0.77 0.77 0.93 0.95 0.91 0.85 0.87 0.87 0.24
24 0.76 0.75 0.72 0.66 0.77 0.77 0.89 0.91 0.89 0.86 0.88 0.88 0.17